image: mymap.pgm
resolution: 0.050000
origin: [-22.640266, -19.472840, 0.000000]
negate: 0
occupied_thresh: 0.65
free_thresh: 0.196

